%YAML:1.0
image_width: 320
image_height: 240
camera_matrix: !!opencv-matrix
   rows: 3
   cols: 3
   dt: d
   data: [ 3.2394352571864721e+02, 0., 1.6578184360478170e+02, 0.,
       3.2410546071255692e+02, 1.1793751515119389e+02, 0., 0., 1. ]
distortion_coefficients: !!opencv-matrix
   rows: 1
   cols: 5
   dt: d
   data: [ 8.5253913845529661e-02, -1.5098241508973720e-01,
       -6.8112521281215189e-04, 3.3584528504123903e-03,
       -2.5121136150889090e-01 ]
